-3.14159265359 -1.22464679915e-16
-3.12902628298 -0.0125660398834
-3.11645991236 -0.0251300954433
-3.10389354175 -0.0376901826699
-3.09132717113 -0.0502443181798
-3.07876080052 -0.0627905195293
-3.0661944299 -0.0753268055279
-3.05362805929 -0.0878511965507
-3.04106168867 -0.100361714851
-3.02849531806 -0.112856384873
-3.01592894745 -0.125333233564
-3.00336257683 -0.137790290685
-2.99079620622 -0.150225589121
-2.9782298356 -0.162637165195
-2.96566346499 -0.175023058975
-2.95309709437 -0.187381314586
-2.94053072376 -0.199709980514
-2.92796435315 -0.212007109922
-2.91539798253 -0.224270760949
-2.90283161192 -0.236498997024
-2.8902652413 -0.248689887165
-2.87769887069 -0.26084150629
-2.86513250007 -0.272951935517
-2.85256612946 -0.28501926247
-2.83999975885 -0.297041581577
-2.82743338823 -0.309016994375
-2.81486701762 -0.320943609807
-2.802300647 -0.332819544523
-2.78973427639 -0.344642923175
-2.77716790577 -0.356411878713
-2.76460153516 -0.368124552685
-2.75203516454 -0.379779095522
-2.73946879393 -0.391373666837
-2.72690242332 -0.402906435714
-2.7143360527 -0.414375580993
-2.70176968209 -0.425779291565
-2.68920331147 -0.437115766651
-2.67663694086 -0.44838321609
-2.66407057024 -0.459579860621
-2.65150419963 -0.470703932165
-2.63893782902 -0.481753674102
-2.6263714584 -0.492727341548
-2.61380508779 -0.503623201636
-2.60123871717 -0.514439533782
-2.58867234656 -0.525174629961
-2.57610597594 -0.535826794979
-2.56353960533 -0.546394346734
-2.55097323471 -0.556875616488
-2.5384068641 -0.567268949127
-2.52584049349 -0.577572703422
-2.51327412287 -0.587785252292
-2.50070775226 -0.597904983058
-2.48814138164 -0.607930297695
-2.47557501103 -0.61785961309
-2.46300864041 -0.627691361291
-2.4504422698 -0.637423989749
-2.43787589919 -0.647055961569
-2.42530952857 -0.656585755753
-2.41274315796 -0.666011867434
-2.40017678734 -0.675332808121
-2.38761041673 -0.684547105929
-2.37504404611 -0.693653305813
-2.3624776755 -0.702649969799
-2.34991130489 -0.711535677209
-2.33734493427 -0.720309024888
-2.32477856366 -0.728968627421
-2.31221219304 -0.737513117358
-2.29964582243 -0.745941145424
-2.28707945181 -0.754251380736
-2.2745130812 -0.762442511011
-2.26194671058 -0.770513242776
-2.24938033997 -0.778462301567
-2.23681396936 -0.786288432137
-2.22424759874 -0.793990398648
-2.21168122813 -0.801566984871
-2.19911485751 -0.809016994375
-2.1865484869 -0.816339250717
-2.17398211628 -0.823532597628
-2.16141574567 -0.830595899196
-2.14884937506 -0.837528040042
-2.13628300444 -0.844327925502
-2.12371663383 -0.850994481795
-2.11115026321 -0.857526656194
-2.0985838926 -0.863923417193
-2.08601752198 -0.87018375467
-2.07345115137 -0.876306680044
-2.06088478075 -0.882291226435
-2.04831841014 -0.888136448814
-2.03575203953 -0.893841424151
-2.02318566891 -0.899405251566
-2.0106192983 -0.904827052466
-1.99805292768 -0.910105970685
-1.98548655707 -0.915241172621
-1.97292018645 -0.920231847366
-1.96035381584 -0.925077206834
-1.94778744523 -0.929776485888
-1.93522107461 -0.934328942457
-1.922654704 -0.938733857654
-1.91008833338 -0.942990535893
-1.89752196277 -0.947098304995
-1.88495559215 -0.951056516295
-1.87238922154 -0.954864544747
-1.85982285093 -0.958521789017
-1.84725648031 -0.962027671586
-1.8346901097 -0.965381638833
-1.82212373908 -0.968583161129
-1.80955736847 -0.971631732915
-1.79699099785 -0.974526872787
-1.78442462724 -0.977268123568
-1.77185825662 -0.979855052384
-1.75929188601 -0.982287250729
-1.7467255154 -0.984564334529
-1.73415914478 -0.986685944208
-1.72159277417 -0.988651744738
-1.70902640355 -0.990461425697
-1.69646003294 -0.992114701314
-1.68389366232 -0.99361131052
-1.67132729171 -0.994951016981
-1.6587609211 -0.996133609143
-1.64619455048 -0.997158900261
-1.63362817987 -0.998026728428
-1.62106180925 -0.998736956606
-1.60849543864 -0.999289472641
-1.59592906802 -0.999684189283
-1.58336269741 -0.999921044204
-1.57079632679 -1.0
-1.55822995618 -0.999921044204
-1.54566358557 -0.999684189283
-1.53309721495 -0.999289472641
-1.52053084434 -0.998736956606
-1.50796447372 -0.998026728428
-1.49539810311 -0.997158900261
-1.48283173249 -0.996133609143
-1.47026536188 -0.994951016981
-1.45769899127 -0.99361131052
-1.44513262065 -0.992114701314
-1.43256625004 -0.990461425697
-1.41999987942 -0.988651744738
-1.40743350881 -0.986685944208
-1.39486713819 -0.984564334529
-1.38230076758 -0.982287250729
-1.36973439697 -0.979855052384
-1.35716802635 -0.977268123568
-1.34460165574 -0.974526872787
-1.33203528512 -0.971631732915
-1.31946891451 -0.968583161129
-1.30690254389 -0.965381638833
-1.29433617328 -0.962027671586
-1.28176980266 -0.958521789017
-1.26920343205 -0.954864544747
-1.25663706144 -0.951056516295
-1.24407069082 -0.947098304995
-1.23150432021 -0.942990535893
-1.21893794959 -0.938733857654
-1.20637157898 -0.934328942457
-1.19380520836 -0.929776485888
-1.18123883775 -0.925077206834
-1.16867246714 -0.920231847366
-1.15610609652 -0.915241172621
-1.14353972591 -0.910105970685
-1.13097335529 -0.904827052466
-1.11840698468 -0.899405251566
-1.10584061406 -0.893841424151
-1.09327424345 -0.888136448814
-1.08070787283 -0.882291226435
-1.06814150222 -0.876306680044
-1.05557513161 -0.87018375467
-1.04300876099 -0.863923417193
-1.03044239038 -0.857526656194
-1.01787601976 -0.850994481795
-1.00530964915 -0.844327925502
-0.992743278534 -0.837528040042
-0.98017690792 -0.830595899196
-0.967610537306 -0.823532597628
-0.955044166691 -0.816339250717
-0.942477796077 -0.809016994375
-0.929911425463 -0.801566984871
-0.917345054848 -0.793990398648
-0.904778684234 -0.786288432137
-0.89221231362 -0.778462301567
-0.879645943005 -0.770513242776
-0.867079572391 -0.762442511011
-0.854513201776 -0.754251380736
-0.841946831162 -0.745941145424
-0.829380460548 -0.737513117358
-0.816814089933 -0.728968627421
-0.804247719319 -0.720309024888
-0.791681348705 -0.711535677209
-0.77911497809 -0.702649969799
-0.766548607476 -0.693653305813
-0.753982236862 -0.684547105929
-0.741415866247 -0.675332808121
-0.728849495633 -0.666011867434
-0.716283125018 -0.656585755753
-0.703716754404 -0.647055961569
-0.69115038379 -0.637423989749
-0.678584013175 -0.627691361291
-0.666017642561 -0.61785961309
-0.653451271947 -0.607930297695
-0.640884901332 -0.597904983058
-0.628318530718 -0.587785252292
-0.615752160104 -0.577572703422
-0.603185789489 -0.567268949127
-0.590619418875 -0.556875616488
-0.578053048261 -0.546394346734
-0.565486677646 -0.535826794979
-0.552920307032 -0.525174629961
-0.540353936417 -0.514439533782
-0.527787565803 -0.503623201636
-0.515221195189 -0.492727341548
-0.502654824574 -0.481753674102
-0.49008845396 -0.470703932165
-0.477522083346 -0.459579860621
-0.464955712731 -0.44838321609
-0.452389342117 -0.437115766651
-0.439822971503 -0.425779291565
-0.427256600888 -0.414375580993
-0.414690230274 -0.402906435714
-0.402123859659 -0.391373666837
-0.389557489045 -0.379779095522
-0.376991118431 -0.368124552685
-0.364424747816 -0.356411878713
-0.351858377202 -0.344642923175
-0.339292006588 -0.332819544523
-0.326725635973 -0.320943609807
-0.314159265359 -0.309016994375
-0.301592894745 -0.297041581577
-0.28902652413 -0.28501926247
-0.276460153516 -0.272951935517
-0.263893782902 -0.26084150629
-0.251327412287 -0.248689887165
-0.238761041673 -0.236498997024
-0.226194671058 -0.224270760949
-0.213628300444 -0.212007109922
-0.20106192983 -0.199709980514
-0.188495559215 -0.187381314586
-0.175929188601 -0.175023058975
-0.163362817987 -0.162637165195
-0.150796447372 -0.150225589121
-0.138230076758 -0.137790290685
-0.125663706144 -0.125333233564
-0.113097335529 -0.112856384873
-0.100530964915 -0.100361714851
-0.0879645943005 -0.0878511965507
-0.0753982236862 -0.0753268055279
-0.0628318530718 -0.0627905195293
-0.0502654824574 -0.0502443181798
-0.0376991118431 -0.0376901826699
-0.0251327412287 -0.0251300954433
-0.0125663706144 -0.0125660398834
0.0 0.0
0.0125663706144 0.0125660398834
0.0251327412287 0.0251300954433
0.0376991118431 0.0376901826699
0.0502654824574 0.0502443181798
0.0628318530718 0.0627905195293
0.0753982236862 0.0753268055279
0.0879645943005 0.0878511965507
0.100530964915 0.100361714851
0.113097335529 0.112856384873
0.125663706144 0.125333233564
0.138230076758 0.137790290685
0.150796447372 0.150225589121
0.163362817987 0.162637165195
0.175929188601 0.175023058975
0.188495559215 0.187381314586
0.20106192983 0.199709980514
0.213628300444 0.212007109922
0.226194671058 0.224270760949
0.238761041673 0.236498997024
0.251327412287 0.248689887165
0.263893782902 0.26084150629
0.276460153516 0.272951935517
0.28902652413 0.28501926247
0.301592894745 0.297041581577
0.314159265359 0.309016994375
0.326725635973 0.320943609807
0.339292006588 0.332819544523
0.351858377202 0.344642923175
0.364424747816 0.356411878713
0.376991118431 0.368124552685
0.389557489045 0.379779095522
0.402123859659 0.391373666837
0.414690230274 0.402906435714
0.427256600888 0.414375580993
0.439822971503 0.425779291565
0.452389342117 0.437115766651
0.464955712731 0.44838321609
0.477522083346 0.459579860621
0.49008845396 0.470703932165
0.502654824574 0.481753674102
0.515221195189 0.492727341548
0.527787565803 0.503623201636
0.540353936417 0.514439533782
0.552920307032 0.525174629961
0.565486677646 0.535826794979
0.578053048261 0.546394346734
0.590619418875 0.556875616488
0.603185789489 0.567268949127
0.615752160104 0.577572703422
0.628318530718 0.587785252292
0.640884901332 0.597904983058
0.653451271947 0.607930297695
0.666017642561 0.61785961309
0.678584013175 0.627691361291
0.69115038379 0.637423989749
0.703716754404 0.647055961569
0.716283125018 0.656585755753
0.728849495633 0.666011867434
0.741415866247 0.675332808121
0.753982236862 0.684547105929
0.766548607476 0.693653305813
0.77911497809 0.702649969799
0.791681348705 0.711535677209
0.804247719319 0.720309024888
0.816814089933 0.728968627421
0.829380460548 0.737513117358
0.841946831162 0.745941145424
0.854513201776 0.754251380736
0.867079572391 0.762442511011
0.879645943005 0.770513242776
0.89221231362 0.778462301567
0.904778684234 0.786288432137
0.917345054848 0.793990398648
0.929911425463 0.801566984871
0.942477796077 0.809016994375
0.955044166691 0.816339250717
0.967610537306 0.823532597628
0.98017690792 0.830595899196
0.992743278534 0.837528040042
1.00530964915 0.844327925502
1.01787601976 0.850994481795
1.03044239038 0.857526656194
1.04300876099 0.863923417193
1.05557513161 0.87018375467
1.06814150222 0.876306680044
1.08070787283 0.882291226435
1.09327424345 0.888136448814
1.10584061406 0.893841424151
1.11840698468 0.899405251566
1.13097335529 0.904827052466
1.14353972591 0.910105970685
1.15610609652 0.915241172621
1.16867246714 0.920231847366
1.18123883775 0.925077206834
1.19380520836 0.929776485888
1.20637157898 0.934328942457
1.21893794959 0.938733857654
1.23150432021 0.942990535893
1.24407069082 0.947098304995
1.25663706144 0.951056516295
1.26920343205 0.954864544747
1.28176980266 0.958521789017
1.29433617328 0.962027671586
1.30690254389 0.965381638833
1.31946891451 0.968583161129
1.33203528512 0.971631732915
1.34460165574 0.974526872787
1.35716802635 0.977268123568
1.36973439697 0.979855052384
1.38230076758 0.982287250729
1.39486713819 0.984564334529
1.40743350881 0.986685944208
1.41999987942 0.988651744738
1.43256625004 0.990461425697
1.44513262065 0.992114701314
1.45769899127 0.99361131052
1.47026536188 0.994951016981
1.48283173249 0.996133609143
1.49539810311 0.997158900261
1.50796447372 0.998026728428
1.52053084434 0.998736956606
1.53309721495 0.999289472641
1.54566358557 0.999684189283
1.55822995618 0.999921044204
1.57079632679 1.0
1.58336269741 0.999921044204
1.59592906802 0.999684189283
1.60849543864 0.999289472641
1.62106180925 0.998736956606
1.63362817987 0.998026728428
1.64619455048 0.997158900261
1.6587609211 0.996133609143
1.67132729171 0.994951016981
1.68389366232 0.99361131052
1.69646003294 0.992114701314
1.70902640355 0.990461425697
1.72159277417 0.988651744738
1.73415914478 0.986685944208
1.7467255154 0.984564334529
1.75929188601 0.982287250729
1.77185825662 0.979855052384
1.78442462724 0.977268123568
1.79699099785 0.974526872787
1.80955736847 0.971631732915
1.82212373908 0.968583161129
1.8346901097 0.965381638833
1.84725648031 0.962027671586
1.85982285093 0.958521789017
1.87238922154 0.954864544747
1.88495559215 0.951056516295
1.89752196277 0.947098304995
1.91008833338 0.942990535893
1.922654704 0.938733857654
1.93522107461 0.934328942457
1.94778744523 0.929776485888
1.96035381584 0.925077206834
1.97292018645 0.920231847366
1.98548655707 0.915241172621
1.99805292768 0.910105970685
2.0106192983 0.904827052466
2.02318566891 0.899405251566
2.03575203953 0.893841424151
2.04831841014 0.888136448814
2.06088478075 0.882291226435
2.07345115137 0.876306680044
2.08601752198 0.87018375467
2.0985838926 0.863923417193
2.11115026321 0.857526656194
2.12371663383 0.850994481795
2.13628300444 0.844327925502
2.14884937506 0.837528040042
2.16141574567 0.830595899196
2.17398211628 0.823532597628
2.1865484869 0.816339250717
2.19911485751 0.809016994375
2.21168122813 0.801566984871
2.22424759874 0.793990398648
2.23681396936 0.786288432137
2.24938033997 0.778462301567
2.26194671058 0.770513242776
2.2745130812 0.762442511011
2.28707945181 0.754251380736
2.29964582243 0.745941145424
2.31221219304 0.737513117358
2.32477856366 0.728968627421
2.33734493427 0.720309024888
2.34991130489 0.711535677209
2.3624776755 0.702649969799
2.37504404611 0.693653305813
2.38761041673 0.684547105929
2.40017678734 0.675332808121
2.41274315796 0.666011867434
2.42530952857 0.656585755753
2.43787589919 0.647055961569
2.4504422698 0.637423989749
2.46300864041 0.627691361291
2.47557501103 0.61785961309
2.48814138164 0.607930297695
2.50070775226 0.597904983058
2.51327412287 0.587785252292
2.52584049349 0.577572703422
2.5384068641 0.567268949127
2.55097323471 0.556875616488
2.56353960533 0.546394346734
2.57610597594 0.535826794979
2.58867234656 0.525174629961
2.60123871717 0.514439533782
2.61380508779 0.503623201636
2.6263714584 0.492727341548
2.63893782902 0.481753674102
2.65150419963 0.470703932165
2.66407057024 0.459579860621
2.67663694086 0.44838321609
2.68920331147 0.437115766651
2.70176968209 0.425779291565
2.7143360527 0.414375580993
2.72690242332 0.402906435714
2.73946879393 0.391373666837
2.75203516454 0.379779095522
2.76460153516 0.368124552685
2.77716790577 0.356411878713
2.78973427639 0.344642923175
2.802300647 0.332819544523
2.81486701762 0.320943609807
2.82743338823 0.309016994375
2.83999975885 0.297041581577
2.85256612946 0.28501926247
2.86513250007 0.272951935517
2.87769887069 0.26084150629
2.8902652413 0.248689887165
2.90283161192 0.236498997024
2.91539798253 0.224270760949
2.92796435315 0.212007109922
2.94053072376 0.199709980514
2.95309709437 0.187381314586
2.96566346499 0.175023058975
2.9782298356 0.162637165195
2.99079620622 0.150225589121
3.00336257683 0.137790290685
3.01592894745 0.125333233564
3.02849531806 0.112856384873
3.04106168867 0.100361714851
3.05362805929 0.0878511965507
3.0661944299 0.0753268055279
3.07876080052 0.0627905195293
3.09132717113 0.0502443181798
3.10389354175 0.0376901826699
3.11645991236 0.0251300954433
3.12902628298 0.0125660398834
